 - Number of Features: 8
 - Number of Examples: 5573
 - List of features: ['Traqueostomia', 'Relaxante muscular', 'NumPrescricoes', 'DuracaoPrescricoes', 'VMI', 'NumeroDiagn', 'PaoFioRatio', 'GlasgowScore']

.....................RESULTS...........................

------Deep Learning------
R2 List: [0.575, 0.583, 0.538, 0.544, 0.579, 0.464, 0.545, 0.557, 0.543, 0.536, 0.509, 0.533, 0.49, 0.442, 0.541, 0.545, 0.557, 0.568, 0.524, 0.523, 0.598, 0.561, 0.535, 0.478, 0.564, 0.555, 0.492, 0.494, 0.464, 0.53]
R2 (mean+-std): 0.532+-0.038
MAE List: [4.379, 4.392, 4.626, 4.359, 4.241, 4.369, 4.076, 4.614, 4.418, 4.308, 4.637, 3.953, 3.921, 4.285, 4.479, 4.264, 4.213, 4.478, 4.779, 4.734, 4.449, 4.372, 4.512, 4.54, 4.291, 3.883, 4.498, 4.567, 4.532, 4.619]
MAE (mean+-std): 4.393+-0.222
RMSE List: [7.631, 6.956, 7.211, 7.954, 7.546, 8.091, 7.093, 8.569, 7.746, 7.637, 8.367, 7.082, 6.892, 8.268, 7.184, 7.965, 7.262, 7.736, 7.873, 7.633, 7.273, 7.332, 7.925, 8.977, 7.123, 7.135, 8.673, 8.567, 7.775, 7.669]
MAE (mean+-std): 7.705+-0.544

------Random Forest------
R2 List: [0.562, 0.573, 0.579, 0.553, 0.568, 0.484, 0.55, 0.579, 0.543, 0.575, 0.521, 0.532, 0.499, 0.471, 0.545, 0.533, 0.562, 0.582, 0.536, 0.503, 0.574, 0.549, 0.553, 0.506, 0.572, 0.582, 0.529, 0.495, 0.447, 0.529]
R2 (mean+-std): 0.54+-0.035
MAE List: [4.517, 4.276, 4.282, 4.539, 4.494, 4.401, 4.202, 4.727, 4.519, 4.354, 4.744, 4.302, 4.227, 4.435, 4.492, 4.553, 4.376, 4.452, 4.453, 4.583, 4.357, 4.225, 4.615, 4.662, 4.052, 4.208, 4.512, 4.472, 4.476, 4.667]
MAE (mean+-std): 4.439+-0.165
RMSE List: [7.754, 7.044, 6.885, 7.875, 7.65, 7.942, 7.051, 8.347, 7.746, 7.314, 8.268, 7.095, 6.83, 8.051, 7.149, 8.067, 7.221, 7.608, 7.769, 7.791, 7.489, 7.426, 7.771, 8.74, 7.056, 6.916, 8.345, 8.556, 7.893, 7.674]
MAE (mean+-std): 7.644+-0.509

------Linear Regression------
R2 List: [0.535, 0.566, 0.549, 0.517, 0.536, 0.414, 0.506, 0.521, 0.502, 0.491, 0.506, 0.513, 0.456, 0.419, 0.506, 0.52, 0.544, 0.529, 0.484, 0.483, 0.57, 0.534, 0.491, 0.461, 0.505, 0.52, 0.48, 0.452, 0.444, 0.501]
R2 (mean+-std): 0.502+-0.038
MAE List: [4.795, 4.478, 4.493, 4.784, 4.671, 4.806, 4.551, 5.152, 4.875, 4.795, 4.884, 4.682, 4.553, 4.79, 4.792, 4.905, 4.692, 4.77, 4.874, 4.854, 4.628, 4.511, 4.957, 5.057, 4.559, 4.536, 4.894, 4.774, 4.662, 4.918]
MAE (mean+-std): 4.756+-0.167
RMSE List: [7.989, 7.102, 7.124, 8.186, 7.925, 8.462, 7.386, 8.908, 8.084, 7.998, 8.397, 7.231, 7.115, 8.437, 7.452, 8.187, 7.37, 8.071, 8.193, 7.947, 7.519, 7.551, 8.299, 9.122, 7.588, 7.412, 8.77, 8.913, 7.917, 7.901]
MAE (mean+-std): 7.952+-0.554

