 - Number of Features: 15
 - Number of Examples: 5573
 - List of features: ['Traqueostomia', 'Antimalárico', 'Antivírico', 'Vasopressor', 'Psicofármaco', 'Opiáceo', 'Relaxante muscular', 'NumPrescricoes', 'DuracaoPrescricoes', 'VMI', 'NumeroDiagn', 'PaoFioRatio', 'GlasgowScore', 'PosicaoProne', 'HospitalRegiaoId_19']

.....................RESULTS...........................

------Deep Learning------
R2 List: [0.512, 0.566, 0.653, 0.522, 0.512, 0.522, 0.582, 0.67, 0.424, 0.5, 0.636, 0.561, 0.604, 0.349, 0.401, 0.473, 0.461, 0.598, 0.501, 0.596, 0.463, 0.565, 0.468, 0.474, 0.512, 0.743, 0.606, 0.313, 0.616, 0.622]
R2 (mean+-std): 0.534+-0.094
MAE List: [4.838, 3.801, 4.405, 4.044, 4.717, 4.808, 5.211, 4.387, 4.297, 5.479, 3.85, 4.601, 4.784, 5.918, 4.253, 4.903, 4.692, 5.141, 5.064, 4.672, 4.064, 3.431, 4.94, 4.133, 4.48, 3.576, 3.507, 3.894, 3.88, 3.882]
MAE (mean+-std): 4.455+-0.594
RMSE List: [8.141, 6.793, 7.646, 6.861, 7.943, 7.961, 8.048, 6.534, 7.173, 9.094, 6.038, 6.704, 8.716, 10.884, 7.815, 9.707, 7.548, 7.486, 9.522, 8.603, 6.517, 5.274, 7.613, 6.503, 7.836, 5.199, 6.249, 9.935, 5.662, 6.081]
MAE (mean+-std): 7.536+-1.376

------Random Forest------
R2 List: [0.539, 0.595, 0.634, 0.566, 0.544, 0.514, 0.603, 0.629, 0.429, 0.518, 0.672, 0.602, 0.536, 0.439, 0.419, 0.465, 0.411, 0.587, 0.543, 0.572, 0.489, 0.542, 0.52, 0.464, 0.468, 0.667, 0.593, 0.316, 0.622, 0.602]
R2 (mean+-std): 0.537+-0.082
MAE List: [4.892, 4.009, 4.673, 4.21, 4.679, 4.935, 4.413, 4.344, 4.442, 5.409, 3.876, 4.172, 5.256, 4.972, 4.492, 5.287, 4.811, 4.644, 5.209, 4.844, 3.996, 3.672, 4.679, 4.009, 4.579, 3.998, 3.982, 4.039, 3.869, 4.109]
MAE (mean+-std): 4.483+-0.474
RMSE List: [7.912, 6.562, 7.856, 6.535, 7.673, 8.029, 7.848, 6.926, 7.138, 8.925, 5.728, 6.381, 9.436, 10.096, 7.693, 9.779, 7.893, 7.592, 9.113, 8.853, 6.362, 5.415, 7.233, 6.566, 8.18, 5.914, 6.348, 9.917, 5.619, 6.24]
MAE (mean+-std): 7.525+-1.311

------Linear Regression------
R2 List: [0.469, 0.45, 0.539, 0.436, 0.581, 0.49, 0.484, 0.595, 0.352, 0.546, 0.574, 0.515, 0.594, 0.38, 0.326, 0.432, 0.405, 0.58, 0.456, 0.553, 0.478, 0.464, 0.459, 0.413, 0.573, 0.661, 0.623, 0.298, 0.533, 0.582]
R2 (mean+-std): 0.495+-0.089
MAE List: [5.363, 4.47, 5.027, 4.562, 4.632, 5.242, 5.277, 4.824, 4.81, 5.414, 4.294, 4.528, 5.392, 5.344, 4.74, 5.658, 4.901, 4.871, 5.472, 5.003, 4.416, 3.986, 4.877, 4.471, 4.443, 3.937, 4.086, 4.189, 4.014, 4.13]
MAE (mean+-std): 4.746+-0.491
RMSE List: [8.493, 7.646, 8.816, 7.45, 7.362, 8.221, 8.943, 7.235, 7.607, 8.664, 6.528, 7.041, 8.819, 10.619, 8.289, 10.077, 7.928, 7.656, 9.944, 9.051, 6.426, 5.853, 7.683, 6.868, 7.333, 5.971, 6.112, 10.048, 6.24, 6.395]
MAE (mean+-std): 7.844+-1.286

