 - Number of Features: 12
 - Number of Examples: 5573
 - List of features: ['TempoInternamentoEmDias', 'Traqueostomia', 'Antimalárico', 'Antivírico', 'Vasopressor', 'Opiáceo', 'Relaxante muscular', 'DuracaoPrescricoes', 'VMI', 'NumeroDiagn', 'GlasgowScore', 'PosicaoProne', 'HospitalRegiaoId_19']

.....................RESULTS...........................

------Deep Learning------
R2 List: [0.526, 0.529, 0.401, 0.4, 0.484, 0.451, 0.459, 0.475, 0.531, 0.463, 0.373, 0.477, 0.46, 0.489, 0.517, 0.487, 0.48, 0.505, 0.556, 0.527, 0.525, 0.454, 0.513, 0.441, 0.465, 0.526, 0.578, 0.536, 0.576, 0.526]
R2 (mean+-std): 0.491+-0.049
MAE List: [4.697, 4.816, 4.794, 4.567, 4.615, 4.733, 4.678, 4.697, 4.808, 4.978, 4.962, 4.765, 4.693, 4.516, 4.807, 4.562, 4.938, 4.581, 4.565, 4.419, 4.669, 4.753, 4.87, 4.724, 4.807, 4.72, 4.545, 4.616, 4.511, 4.753]
MAE (mean+-std): 4.705+-0.136
RMSE List: [7.807, 8.351, 8.145, 8.726, 7.741, 8.072, 8.364, 8.033, 7.686, 7.965, 8.362, 7.695, 8.405, 7.618, 7.839, 7.384, 7.688, 7.695, 7.117, 7.065, 7.529, 8.414, 7.495, 8.28, 8.297, 7.657, 7.192, 7.49, 6.9, 8.04]
MAE (mean+-std): 7.835+-0.449

------Random Forest------
R2 List: [0.525, 0.527, 0.431, 0.426, 0.474, 0.464, 0.455, 0.473, 0.532, 0.469, 0.393, 0.461, 0.464, 0.501, 0.518, 0.513, 0.514, 0.534, 0.565, 0.521, 0.538, 0.443, 0.486, 0.426, 0.475, 0.525, 0.582, 0.535, 0.558, 0.526]
R2 (mean+-std): 0.495+-0.045
MAE List: [4.675, 4.706, 4.61, 4.641, 4.748, 4.696, 4.692, 4.727, 4.727, 4.772, 4.735, 4.847, 4.792, 4.71, 4.669, 4.588, 4.637, 4.665, 4.563, 4.464, 4.682, 4.783, 4.763, 4.703, 4.864, 4.742, 4.448, 4.62, 4.505, 4.795]
MAE (mean+-std): 4.686+-0.099
RMSE List: [7.81, 8.362, 7.933, 8.541, 7.813, 7.972, 8.391, 8.043, 7.68, 7.916, 8.226, 7.812, 8.375, 7.521, 7.838, 7.197, 7.439, 7.467, 7.045, 7.116, 7.427, 8.499, 7.695, 8.396, 8.219, 7.666, 7.164, 7.494, 7.046, 8.042]
MAE (mean+-std): 7.805+-0.443

------Linear Regression------
R2 List: [0.49, 0.48, 0.399, 0.379, 0.468, 0.424, 0.415, 0.47, 0.479, 0.426, 0.414, 0.468, 0.418, 0.451, 0.505, 0.451, 0.475, 0.466, 0.53, 0.513, 0.501, 0.394, 0.469, 0.384, 0.408, 0.481, 0.526, 0.527, 0.527, 0.491]
R2 (mean+-std): 0.461+-0.045
MAE List: [4.897, 4.996, 4.946, 4.89, 4.957, 4.982, 4.978, 4.958, 4.997, 5.118, 4.821, 4.921, 5.059, 4.978, 4.807, 4.918, 4.861, 4.913, 4.877, 4.626, 4.81, 5.051, 5.01, 4.949, 5.173, 4.942, 4.753, 4.883, 4.733, 5.099]
MAE (mean+-std): 4.93+-0.115
RMSE List: [8.091, 8.773, 8.154, 8.884, 7.862, 8.261, 8.693, 8.068, 8.102, 8.232, 8.084, 7.762, 8.722, 7.894, 7.938, 7.641, 7.729, 7.993, 7.316, 7.172, 7.719, 8.865, 7.825, 8.695, 8.725, 8.014, 7.625, 7.558, 7.287, 8.335]
MAE (mean+-std): 8.067+-0.472

