 - Number of Features: 14
 - Number of Examples: 5573
 - List of features: ['TempoInternamentoEmDias', 'Traqueostomia', 'Antimalárico', 'Antivírico', 'Vasopressor', 'Psicofármaco', 'Opiáceo', 'Relaxante muscular', 'NumPrescricoes', 'DuracaoPrescricoes', 'VMI', 'NumeroDiagn', 'GlasgowScore', 'PosicaoProne', 'HospitalRegiaoId_19']

.....................RESULTS...........................

------Deep Learning------
R2 List: [0.574, 0.591, 0.498, 0.55, 0.581, 0.524, 0.541, 0.582, 0.557, 0.545, 0.565, 0.482, 0.536, 0.506, 0.609, 0.512, 0.552, 0.516, 0.589, 0.532, 0.534, 0.499, 0.476, 0.569, 0.512, 0.542, 0.523, 0.574, 0.559, 0.506]
R2 (mean+-std): 0.541+-0.034
MAE List: [4.124, 4.334, 4.31, 4.343, 4.416, 4.432, 4.179, 4.291, 4.826, 4.342, 4.154, 4.23, 4.242, 4.317, 4.029, 4.323, 4.615, 4.669, 4.173, 4.857, 4.412, 4.351, 4.627, 4.256, 4.399, 4.193, 4.421, 4.414, 4.297, 4.3]
MAE (mean+-std): 4.363+-0.19
RMSE List: [7.463, 7.097, 7.924, 7.929, 7.079, 7.785, 6.579, 7.683, 8.306, 8.354, 7.004, 7.602, 6.802, 7.564, 6.89, 7.478, 7.586, 8.012, 7.105, 9.075, 7.577, 8.014, 8.206, 7.744, 7.73, 7.349, 7.359, 7.284, 7.03, 8.219]
MAE (mean+-std): 7.594+-0.533

------Random Forest------
R2 List: [0.576, 0.586, 0.496, 0.515, 0.58, 0.552, 0.588, 0.61, 0.57, 0.551, 0.568, 0.47, 0.507, 0.509, 0.597, 0.544, 0.546, 0.55, 0.562, 0.532, 0.533, 0.456, 0.491, 0.583, 0.543, 0.567, 0.548, 0.575, 0.56, 0.513]
R2 (mean+-std): 0.546+-0.037
MAE List: [4.428, 4.255, 4.421, 4.443, 4.426, 4.376, 3.981, 4.274, 4.659, 4.608, 4.263, 4.365, 4.17, 4.291, 4.205, 4.255, 4.354, 4.479, 4.44, 4.643, 4.315, 4.604, 4.43, 4.282, 4.312, 4.152, 4.334, 4.436, 4.173, 4.317]
MAE (mean+-std): 4.356+-0.151
RMSE List: [7.443, 7.138, 7.942, 8.231, 7.085, 7.553, 6.232, 7.428, 8.189, 8.3, 6.975, 7.693, 7.009, 7.538, 6.991, 7.232, 7.64, 7.726, 7.336, 9.075, 7.579, 8.355, 8.092, 7.617, 7.475, 7.142, 7.159, 7.277, 7.026, 8.162]
MAE (mean+-std): 7.555+-0.554

------Linear Regression------
R2 List: [0.547, 0.54, 0.459, 0.479, 0.509, 0.526, 0.542, 0.557, 0.5, 0.525, 0.531, 0.47, 0.55, 0.482, 0.56, 0.481, 0.531, 0.487, 0.567, 0.481, 0.492, 0.463, 0.443, 0.546, 0.477, 0.507, 0.503, 0.522, 0.537, 0.454]
R2 (mean+-std): 0.509+-0.035
MAE List: [4.697, 4.694, 4.744, 4.81, 4.891, 4.676, 4.37, 4.664, 5.092, 4.937, 4.536, 4.667, 4.419, 4.552, 4.535, 4.699, 4.54, 4.91, 4.646, 5.09, 4.715, 4.819, 4.904, 4.619, 4.78, 4.538, 4.666, 4.822, 4.503, 4.74]
MAE (mean+-std): 4.709+-0.173
RMSE List: [7.696, 7.53, 8.229, 8.535, 7.661, 7.775, 6.568, 7.918, 8.827, 8.54, 7.268, 7.689, 6.697, 7.741, 7.302, 7.71, 7.769, 8.244, 7.294, 9.559, 7.907, 8.303, 8.465, 7.942, 7.998, 7.627, 7.509, 7.718, 7.202, 8.639]
MAE (mean+-std): 7.862+-0.609

