 - Number of Features: 8
 - Number of Examples: 5573
 - List of features: ['Traqueostomia', 'Relaxante muscular', 'NumPrescricoes', 'DuracaoPrescricoes', 'VMI', 'NumeroDiagn', 'PaoFioRatio', 'GlasgowScore']

.....................RESULTS...........................

------Deep Learning------
R2 List: [0.547, 0.563, 0.453, 0.55, 0.526, 0.545, 0.538, 0.558, 0.448, 0.615, 0.526, 0.549, 0.532, 0.542, 0.548, 0.53, 0.524, 0.479, 0.514, 0.54, 0.468, 0.512, 0.5, 0.517, 0.507, 0.507, 0.537, 0.54, 0.537, 0.53]
R2 (mean+-std): 0.526+-0.033
MAE List: [4.134, 4.668, 4.097, 4.644, 4.575, 4.495, 4.197, 4.461, 4.614, 4.168, 4.442, 4.61, 4.258, 3.909, 4.477, 4.246, 4.473, 4.939, 5.161, 4.0, 5.062, 4.394, 4.31, 4.505, 4.512, 4.787, 4.444, 4.171, 4.558, 4.513]
MAE (mean+-std): 4.461+-0.286
RMSE List: [7.25, 7.915, 8.235, 8.669, 7.715, 7.2, 7.397, 7.73, 8.6, 6.558, 7.991, 7.578, 7.144, 6.875, 7.585, 7.881, 8.276, 9.053, 8.424, 6.826, 8.933, 7.566, 8.171, 7.788, 7.986, 9.058, 8.173, 7.183, 7.979, 7.735]
MAE (mean+-std): 7.849+-0.635

------Random Forest------
R2 List: [0.57, 0.575, 0.479, 0.557, 0.589, 0.534, 0.565, 0.576, 0.484, 0.573, 0.55, 0.572, 0.545, 0.548, 0.57, 0.577, 0.541, 0.49, 0.496, 0.54, 0.495, 0.506, 0.507, 0.541, 0.507, 0.496, 0.543, 0.525, 0.551, 0.543]
R2 (mean+-std): 0.538+-0.032
MAE List: [4.327, 4.53, 4.398, 4.709, 4.241, 4.469, 4.413, 4.401, 4.436, 4.28, 4.56, 4.534, 4.277, 4.199, 4.493, 4.327, 4.626, 4.865, 4.663, 4.162, 4.674, 4.184, 4.38, 4.508, 4.568, 4.911, 4.476, 4.472, 4.467, 4.551]
MAE (mean+-std): 4.47+-0.181
RMSE List: [7.062, 7.802, 8.036, 8.592, 7.19, 7.286, 7.182, 7.572, 8.31, 6.903, 7.786, 7.381, 7.043, 6.831, 7.397, 7.473, 8.121, 8.951, 8.578, 6.826, 8.71, 7.613, 8.114, 7.592, 7.988, 9.159, 8.116, 7.304, 7.857, 7.621]
MAE (mean+-std): 7.747+-0.619

------Linear Regression------
R2 List: [0.511, 0.516, 0.432, 0.512, 0.501, 0.501, 0.506, 0.539, 0.419, 0.588, 0.492, 0.551, 0.472, 0.519, 0.51, 0.498, 0.502, 0.431, 0.462, 0.512, 0.442, 0.471, 0.463, 0.494, 0.451, 0.484, 0.493, 0.504, 0.502, 0.491]
R2 (mean+-std): 0.492+-0.036
MAE List: [4.698, 5.016, 4.605, 5.112, 4.702, 4.836, 4.794, 4.763, 4.837, 4.561, 4.929, 4.754, 4.711, 4.443, 4.928, 4.82, 5.011, 5.234, 5.045, 4.489, 5.057, 4.595, 4.786, 4.785, 4.934, 5.27, 4.876, 4.767, 4.78, 4.953]
MAE (mean+-std): 4.836+-0.197
RMSE List: [7.532, 8.331, 8.388, 9.023, 7.918, 7.542, 7.649, 7.895, 8.818, 6.783, 8.277, 7.557, 7.592, 7.05, 7.896, 8.14, 8.457, 9.46, 8.867, 7.026, 9.15, 7.884, 8.469, 7.971, 8.43, 9.264, 8.55, 7.465, 8.283, 8.046]
MAE (mean+-std): 8.124+-0.658

