 - Number of Features: 15
 - Number of Examples: 10502
 - List of features: ['TempoInternamentoEmDias', 'Traqueostomia', 'Vasopressor', 'Psicofármaco', 'Opiáceo', 'Relaxante muscular', 'DuracaoPrescricoes', 'VMI', 'NumeroDiagn', 'FR_enf', 'SpO2_enf', 'GlasgowScore', 'PosicaoProne', 'PneumoniaAdmission', 'HospitalRegiaoId_19', 'TipoAdmissaoId_16.0']

.....................RESULTS...........................

------Deep Learning------
R2 List: [0.479, 0.447, 0.476, 0.497, 0.52, 0.49, 0.491, 0.464, 0.494, 0.484, 0.48, 0.513, 0.474, 0.481, 0.461, 0.483, 0.51, 0.497, 0.389, 0.477, 0.482, 0.497, 0.433, 0.458, 0.511, 0.529, 0.482, 0.479, 0.464, 0.502]
R2 (mean+-std): 0.481+-0.027
MAE List: [5.883, 6.183, 6.063, 6.122, 5.926, 6.053, 5.874, 6.176, 6.003, 6.097, 6.017, 5.812, 6.1, 6.111, 6.064, 6.048, 6.047, 5.704, 6.559, 6.01, 6.309, 5.849, 6.215, 6.292, 5.98, 6.116, 5.724, 5.989, 6.184, 6.307]
MAE (mean+-std): 6.061+-0.178
RMSE List: [9.392, 10.215, 10.365, 10.306, 9.563, 9.744, 9.783, 9.784, 10.174, 9.786, 10.131, 9.541, 9.805, 9.548, 9.847, 10.024, 9.847, 9.07, 11.165, 9.519, 10.021, 10.558, 9.695, 10.451, 9.735, 9.542, 9.481, 9.666, 10.448, 10.288]
MAE (mean+-std): 9.916+-0.424

------Random Forest------
R2 List: [0.503, 0.48, 0.504, 0.518, 0.536, 0.52, 0.495, 0.499, 0.526, 0.506, 0.51, 0.532, 0.502, 0.525, 0.481, 0.496, 0.521, 0.522, 0.429, 0.499, 0.517, 0.511, 0.476, 0.473, 0.531, 0.537, 0.524, 0.516, 0.483, 0.512]
R2 (mean+-std): 0.506+-0.023
MAE List: [5.6, 5.898, 6.013, 6.038, 5.66, 5.855, 5.809, 5.923, 5.959, 5.695, 5.964, 5.644, 5.966, 5.776, 5.865, 5.865, 5.843, 5.72, 6.224, 5.82, 5.933, 5.939, 5.793, 6.034, 5.902, 5.866, 5.722, 5.759, 6.005, 6.023]
MAE (mean+-std): 5.87+-0.137
RMSE List: [9.175, 9.904, 10.089, 10.091, 9.405, 9.451, 9.743, 9.453, 9.85, 9.576, 9.834, 9.354, 9.539, 9.128, 9.661, 9.898, 9.739, 8.847, 10.79, 9.316, 9.671, 10.406, 9.322, 10.312, 9.536, 9.459, 9.093, 9.315, 10.258, 10.182]
MAE (mean+-std): 9.68+-0.433

------Linear Regression------
R2 List: [0.457, 0.425, 0.452, 0.474, 0.492, 0.457, 0.456, 0.438, 0.469, 0.462, 0.467, 0.479, 0.454, 0.451, 0.423, 0.452, 0.464, 0.453, 0.363, 0.441, 0.456, 0.487, 0.422, 0.432, 0.486, 0.48, 0.464, 0.447, 0.434, 0.477]
R2 (mean+-std): 0.454+-0.025
MAE List: [5.974, 6.324, 6.481, 6.462, 6.142, 6.388, 6.261, 6.358, 6.404, 6.19, 6.242, 6.074, 6.412, 6.307, 6.322, 6.231, 6.32, 6.106, 6.714, 6.292, 6.424, 6.22, 6.22, 6.432, 6.345, 6.288, 6.141, 6.217, 6.493, 6.419]
MAE (mean+-std): 6.307+-0.146
RMSE List: [9.59, 10.417, 10.6, 10.548, 9.837, 10.05, 10.113, 10.016, 10.425, 9.986, 10.253, 9.875, 9.987, 9.819, 10.189, 10.322, 10.298, 9.461, 11.401, 9.845, 10.267, 10.664, 9.785, 10.704, 9.98, 10.026, 9.647, 9.96, 10.733, 10.545]
MAE (mean+-std): 10.178+-0.404

