 - Number of Features: 20
 - Number of Examples: 5573
 - List of features: ['TempoInternamentoEmDias', 'Traqueostomia', 'Antimalárico', 'Antivírico', 'Vasopressor', 'Psicofármaco', 'Opiáceo', 'Relaxante muscular', 'NumPrescricoes', 'DuracaoPrescricoes', 'VMI', 'NumeroDiagn', 'PaoFioRatio', 'GlasgowScore', 'PosicaoProne', 'HospitalRegiaoId_19', 'HospitalRegiaoId_25', 'TipoAdmissaoId_4.0', 'TipoAdmissaoId_6.0', 'TipoAdmissaoId_14.0', 'TipoAdmissaoId_15.0']

.....................RESULTS...........................

------Deep Learning------
R2 List: [0.583, 0.502, 0.54, 0.542, 0.513, 0.517, 0.503, 0.533, 0.545, 0.544, 0.529, 0.511, 0.586, 0.483, 0.464, 0.564, 0.52, 0.488, 0.542, 0.504, 0.58, 0.543, 0.577, 0.454, 0.516, 0.416, 0.59, 0.501, 0.515, 0.51]
R2 (mean+-std): 0.524+-0.04
MAE List: [4.09, 4.275, 4.183, 4.113, 4.373, 4.285, 4.785, 4.383, 4.401, 4.164, 4.454, 4.567, 4.222, 4.856, 4.417, 4.303, 4.253, 4.617, 4.513, 4.693, 4.03, 4.295, 4.468, 4.573, 4.572, 4.765, 4.326, 4.506, 4.5, 4.425]
MAE (mean+-std): 4.414+-0.206
RMSE List: [6.88, 7.821, 7.133, 7.298, 7.316, 7.288, 8.04, 7.751, 7.103, 7.269, 8.065, 8.001, 6.968, 9.185, 7.935, 7.336, 7.588, 8.478, 7.793, 8.081, 6.93, 7.181, 8.032, 8.201, 8.008, 8.232, 7.006, 7.966, 7.219, 7.53]
MAE (mean+-std): 7.654+-0.53

------Random Forest------
R2 List: [0.566, 0.528, 0.544, 0.556, 0.515, 0.549, 0.557, 0.558, 0.548, 0.548, 0.56, 0.51, 0.567, 0.493, 0.497, 0.526, 0.508, 0.471, 0.547, 0.506, 0.576, 0.568, 0.544, 0.415, 0.515, 0.429, 0.577, 0.527, 0.501, 0.482]
R2 (mean+-std): 0.526+-0.04
MAE List: [4.203, 4.227, 4.201, 4.182, 4.219, 4.289, 4.381, 4.363, 4.153, 4.286, 4.503, 4.609, 4.475, 4.723, 4.427, 4.495, 4.465, 4.705, 4.481, 4.451, 4.277, 4.266, 4.492, 4.725, 4.504, 4.483, 4.244, 4.449, 4.32, 4.559]
MAE (mean+-std): 4.405+-0.161
RMSE List: [7.022, 7.607, 7.1, 7.182, 7.305, 7.035, 7.597, 7.537, 7.083, 7.24, 7.796, 8.01, 7.124, 9.095, 7.68, 7.646, 7.681, 8.62, 7.751, 8.066, 6.968, 6.985, 8.337, 8.491, 8.012, 8.145, 7.114, 7.756, 7.324, 7.747]
MAE (mean+-std): 7.635+-0.53

------Linear Regression------
R2 List: [0.528, 0.461, 0.516, 0.526, 0.472, 0.511, 0.489, 0.498, 0.54, 0.497, 0.479, 0.469, 0.551, 0.446, 0.429, 0.526, 0.503, 0.486, 0.528, 0.463, 0.535, 0.548, 0.548, 0.426, 0.47, 0.403, 0.564, 0.483, 0.475, 0.47]
R2 (mean+-std): 0.495+-0.04
MAE List: [4.61, 4.686, 4.578, 4.54, 4.558, 4.575, 4.8, 4.78, 4.504, 4.597, 4.95, 4.878, 4.666, 5.198, 4.853, 4.738, 4.751, 4.825, 4.824, 4.746, 4.573, 4.581, 4.729, 4.92, 4.892, 4.81, 4.611, 4.704, 4.717, 4.87]
MAE (mean+-std): 4.735+-0.151
RMSE List: [7.323, 8.135, 7.318, 7.423, 7.618, 7.329, 8.152, 8.031, 7.138, 7.635, 8.484, 8.339, 7.257, 9.507, 8.186, 7.649, 7.722, 8.494, 7.911, 8.405, 7.298, 7.142, 8.305, 8.412, 8.376, 8.323, 7.223, 8.106, 7.516, 7.836]
MAE (mean+-std): 7.886+-0.542

