 - Number of Features: 23
 - Number of Examples: 5573
 - List of features: ['TempoInternamentoEmDias', 'SAPSScore', 'Traqueostomia', 'Antimalárico', 'Antivírico', 'Vasopressor', 'Psicofármaco', 'Opiáceo', 'Relaxante muscular', 'NumPrescricoes', 'DuracaoPrescricoes', 'VMI', 'DispositivosNum', 'NumeroDiagn', 'PaoFioRatio', 'SpO2_enf', 'GlasgowScore', 'PosicaoProne', 'HospitalRegiaoId_19', 'HospitalRegiaoId_25', 'TipoAdmissaoId_4.0', 'TipoAdmissaoId_6.0', 'TipoAdmissaoId_14.0', 'TipoAdmissaoId_15.0']

.....................RESULTS...........................

------Deep Learning------
R2 List: [0.518, 0.549, 0.517, 0.53, 0.584, 0.517, 0.504, 0.54, 0.586, 0.531, 0.465, 0.557, 0.542, 0.561, 0.512, 0.538, 0.552, 0.508, 0.501, 0.532, 0.572, 0.556, 0.539, 0.574, 0.561, 0.482, 0.608, 0.565, 0.54, 0.571]
R2 (mean+-std): 0.54+-0.031
MAE List: [4.401, 4.108, 4.504, 4.368, 4.436, 4.73, 4.524, 4.294, 4.488, 4.461, 4.531, 4.258, 4.584, 4.404, 4.641, 4.535, 4.402, 4.739, 4.653, 4.33, 4.478, 4.747, 4.482, 4.526, 4.505, 4.561, 4.038, 4.392, 4.391, 4.358]
MAE (mean+-std): 4.462+-0.161
RMSE List: [7.132, 7.726, 7.868, 7.148, 6.983, 8.843, 8.686, 7.204, 7.658, 7.757, 7.255, 7.289, 7.884, 7.589, 7.706, 7.929, 7.324, 8.078, 8.389, 7.165, 8.181, 7.796, 7.957, 7.576, 7.924, 7.248, 7.397, 7.549, 7.762, 7.226]
MAE (mean+-std): 7.674+-0.451

------Random Forest------
R2 List: [0.525, 0.506, 0.47, 0.532, 0.592, 0.502, 0.511, 0.536, 0.568, 0.523, 0.509, 0.552, 0.525, 0.572, 0.515, 0.563, 0.553, 0.502, 0.498, 0.518, 0.563, 0.559, 0.559, 0.578, 0.549, 0.538, 0.569, 0.563, 0.518, 0.538]
R2 (mean+-std): 0.537+-0.028
MAE List: [4.156, 4.387, 4.645, 4.361, 4.35, 4.749, 4.503, 4.381, 4.54, 4.553, 4.277, 4.331, 4.576, 4.362, 4.522, 4.504, 4.345, 4.612, 4.515, 4.443, 4.618, 4.63, 4.431, 4.272, 4.613, 4.225, 4.247, 4.312, 4.352, 4.488]
MAE (mean+-std): 4.443+-0.144
RMSE List: [7.081, 8.089, 8.239, 7.137, 6.913, 8.98, 8.624, 7.239, 7.823, 7.825, 6.952, 7.337, 8.028, 7.492, 7.688, 7.706, 7.317, 8.128, 8.414, 7.266, 8.269, 7.77, 7.781, 7.54, 8.031, 6.848, 7.752, 7.564, 7.95, 7.496]
MAE (mean+-std): 7.709+-0.506

------Linear Regression------
R2 List: [0.464, 0.5, 0.475, 0.507, 0.564, 0.471, 0.466, 0.531, 0.541, 0.479, 0.534, 0.531, 0.487, 0.505, 0.506, 0.486, 0.541, 0.484, 0.461, 0.499, 0.533, 0.535, 0.495, 0.54, 0.504, 0.481, 0.585, 0.506, 0.505, 0.513]
R2 (mean+-std): 0.508+-0.03
MAE List: [4.49, 4.689, 4.825, 4.684, 4.594, 5.059, 4.939, 4.584, 4.84, 4.845, 4.437, 4.544, 4.897, 4.757, 4.695, 4.943, 4.626, 4.811, 4.871, 4.683, 4.938, 4.871, 4.714, 4.617, 4.919, 4.595, 4.376, 4.719, 4.687, 4.682]
MAE (mean+-std): 4.731+-0.161
RMSE List: [7.521, 8.137, 8.2, 7.323, 7.15, 9.257, 9.011, 7.276, 8.062, 8.181, 6.771, 7.506, 8.345, 8.064, 7.759, 8.357, 7.414, 8.274, 8.717, 7.413, 8.55, 7.98, 8.323, 7.877, 8.419, 7.256, 7.615, 8.042, 8.057, 7.696]
MAE (mean+-std): 7.952+-0.557

