 - Number of Features: 14
 - Number of Examples: 5573
 - List of features: ['TempoInternamentoEmDias', 'Traqueostomia', 'Antimalárico', 'Antivírico', 'Vasopressor', 'Psicofármaco', 'Opiáceo', 'Relaxante muscular', 'NumPrescricoes', 'DuracaoPrescricoes', 'VMI', 'NumeroDiagn', 'GlasgowScore', 'PosicaoProne', 'HospitalRegiaoId_19']

.....................RESULTS...........................

------Deep Learning------
R2 List: [0.542, 0.516, 0.481, 0.572, 0.575, 0.542, 0.531, 0.502, 0.564, 0.549, 0.575, 0.548, 0.502, 0.59, 0.541, 0.518, 0.468, 0.508, 0.526, 0.555, 0.543, 0.562, 0.481, 0.525, 0.559, 0.523, 0.522, 0.552, 0.49, 0.515, 0.536, 0.488, 0.549, 0.5, 0.531, 0.525, 0.588, 0.559, 0.512, 0.581, 0.545, 0.469, 0.508, 0.52, 0.537, 0.531, 0.534, 0.588, 0.496, 0.483, 0.465, 0.547, 0.491, 0.557, 0.483, 0.532, 0.545, 0.487, 0.516, 0.557]
R2 (mean+-std): 0.529+-0.032
MAE List: [4.387, 4.588, 5.13, 4.375, 4.531, 4.396, 4.719, 4.439, 4.465, 4.433, 4.159, 4.566, 4.381, 4.375, 4.129, 4.549, 4.777, 4.66, 4.503, 4.374, 4.327, 4.244, 4.594, 4.513, 4.516, 4.304, 4.698, 4.48, 4.597, 4.39, 4.265, 4.638, 4.274, 4.476, 4.645, 4.412, 4.294, 4.329, 4.428, 4.351, 4.808, 4.383, 4.172, 4.483, 4.196, 4.788, 4.604, 4.137, 4.281, 4.415, 4.556, 4.538, 4.629, 4.587, 4.657, 4.311, 4.252, 4.344, 4.328, 4.35]
MAE (mean+-std): 4.459+-0.186
RMSE List: [7.41, 8.013, 8.46, 7.388, 7.237, 7.109, 8.459, 7.592, 8.283, 7.727, 6.52, 7.231, 8.266, 7.406, 6.826, 7.728, 8.457, 8.17, 8.059, 7.735, 7.132, 7.788, 8.209, 8.056, 7.807, 7.25, 8.208, 7.534, 7.923, 7.717, 7.217, 8.026, 7.437, 8.899, 8.558, 7.383, 7.271, 7.3, 7.66, 7.245, 7.735, 7.655, 7.075, 7.201, 7.61, 7.927, 8.112, 6.76, 7.951, 7.593, 8.466, 8.346, 8.004, 7.237, 8.439, 7.307, 6.901, 8.174, 7.247, 7.283]
MAE (mean+-std): 7.695+-0.511

------Random Forest------
R2 List: [0.509, 0.525, 0.512, 0.587, 0.598, 0.542, 0.529, 0.517, 0.589, 0.547, 0.528, 0.539, 0.461, 0.578, 0.545, 0.53, 0.489, 0.523, 0.529, 0.528, 0.594, 0.58, 0.525, 0.516, 0.562, 0.531, 0.502, 0.552, 0.508, 0.538, 0.558, 0.555, 0.548, 0.507, 0.521, 0.543, 0.596, 0.566, 0.508, 0.593, 0.592, 0.458, 0.525, 0.524, 0.535, 0.533, 0.53, 0.57, 0.523, 0.501, 0.46, 0.543, 0.475, 0.57, 0.518, 0.528, 0.528, 0.472, 0.528, 0.555]
R2 (mean+-std): 0.535+-0.034
MAE List: [4.489, 4.51, 4.591, 4.242, 4.283, 4.287, 4.572, 4.423, 4.392, 4.465, 4.175, 4.399, 4.424, 4.465, 4.278, 4.392, 4.384, 4.536, 4.481, 4.362, 4.053, 4.339, 4.511, 4.638, 4.455, 4.286, 4.626, 4.415, 4.494, 4.392, 4.289, 4.284, 4.304, 4.556, 4.654, 4.338, 4.281, 4.221, 4.444, 4.299, 4.393, 4.301, 4.134, 4.374, 4.405, 4.548, 4.208, 4.13, 4.237, 4.326, 4.538, 4.498, 4.57, 4.381, 4.645, 4.3, 4.279, 4.405, 4.257, 4.446]
MAE (mean+-std): 4.39+-0.135
RMSE List: [7.673, 7.941, 8.204, 7.26, 7.037, 7.107, 8.472, 7.478, 8.047, 7.746, 6.874, 7.3, 8.597, 7.517, 6.795, 7.634, 8.291, 8.039, 8.034, 7.97, 6.729, 7.624, 7.856, 8.136, 7.778, 7.191, 8.376, 7.529, 7.78, 7.533, 7.048, 7.483, 7.444, 8.84, 8.657, 7.243, 7.196, 7.243, 7.689, 7.143, 7.327, 7.733, 6.954, 7.175, 7.63, 7.906, 8.151, 6.899, 7.738, 7.462, 8.505, 8.391, 8.126, 7.137, 8.145, 7.334, 7.029, 8.292, 7.157, 7.297]
MAE (mean+-std): 7.649+-0.514

------Linear Regression------
R2 List: [0.492, 0.478, 0.469, 0.552, 0.562, 0.513, 0.488, 0.473, 0.521, 0.489, 0.529, 0.519, 0.458, 0.551, 0.525, 0.463, 0.427, 0.463, 0.49, 0.481, 0.507, 0.514, 0.457, 0.499, 0.511, 0.485, 0.459, 0.517, 0.456, 0.506, 0.499, 0.47, 0.501, 0.457, 0.465, 0.501, 0.529, 0.534, 0.474, 0.536, 0.541, 0.442, 0.494, 0.493, 0.489, 0.484, 0.507, 0.588, 0.456, 0.461, 0.401, 0.505, 0.455, 0.523, 0.456, 0.519, 0.49, 0.451, 0.468, 0.51]
R2 (mean+-std): 0.493+-0.034
MAE List: [4.795, 4.829, 4.901, 4.578, 4.58, 4.703, 4.962, 4.787, 4.848, 4.87, 4.452, 4.865, 4.868, 4.805, 4.609, 4.819, 4.895, 4.909, 4.904, 4.749, 4.563, 4.704, 4.852, 4.886, 4.763, 4.716, 5.032, 4.813, 4.806, 4.794, 4.722, 4.826, 4.608, 4.976, 5.053, 4.694, 4.806, 4.531, 4.738, 4.766, 4.86, 4.674, 4.504, 4.664, 4.715, 4.832, 4.522, 4.448, 4.765, 4.726, 4.978, 4.826, 4.925, 4.759, 5.119, 4.628, 4.634, 4.686, 4.631, 4.777]
MAE (mean+-std): 4.768+-0.144
RMSE List: [7.809, 8.326, 8.556, 7.56, 7.346, 7.332, 8.841, 7.812, 8.682, 8.231, 6.868, 7.457, 8.623, 7.754, 6.944, 8.159, 8.777, 8.531, 8.356, 8.354, 7.413, 8.204, 8.4, 8.274, 8.227, 7.534, 8.727, 7.822, 8.178, 7.787, 7.504, 8.168, 7.822, 9.279, 9.146, 7.569, 7.771, 7.503, 7.947, 7.623, 7.771, 7.845, 7.174, 7.4, 7.998, 8.315, 8.341, 6.756, 8.263, 7.754, 8.955, 8.73, 8.281, 7.514, 8.659, 7.405, 7.302, 8.456, 7.598, 7.66]
MAE (mean+-std): 7.99+-0.563

