 - Number of Features: 14
 - Number of Examples: 5573
 - List of features: ['TempoInternamentoEmDias', 'Traqueostomia', 'Antimalárico', 'Antivírico', 'Vasopressor', 'Psicofármaco', 'Opiáceo', 'Relaxante muscular', 'NumPrescricoes', 'DuracaoPrescricoes', 'VMI', 'NumeroDiagn', 'GlasgowScore', 'PosicaoProne', 'HospitalRegiaoId_19']

.....................RESULTS...........................

------Deep Learning------
R2 List: [0.568, 0.536, 0.576, 0.524, 0.523, 0.466, 0.505, 0.512, 0.477, 0.507, 0.511, 0.59, 0.523, 0.556, 0.534, 0.515, 0.574, 0.543, 0.533, 0.506, 0.559, 0.51, 0.515, 0.45, 0.526, 0.526, 0.523, 0.489, 0.539, 0.579]
R2 (mean+-std): 0.527+-0.032
MAE List: [4.312, 4.704, 4.758, 4.793, 4.657, 4.992, 4.501, 4.69, 4.533, 4.755, 4.589, 4.568, 4.212, 4.668, 4.261, 4.312, 4.471, 4.657, 4.463, 4.721, 4.519, 4.9, 4.849, 4.743, 4.893, 4.615, 4.887, 4.579, 4.88, 4.346]
MAE (mean+-std): 4.628+-0.203
RMSE List: [7.278, 7.612, 7.238, 8.374, 7.621, 8.91, 8.594, 7.892, 7.846, 7.644, 7.676, 7.272, 7.104, 7.758, 7.049, 6.767, 7.162, 7.974, 6.77, 7.832, 7.016, 8.227, 8.241, 8.509, 8.166, 7.605, 8.347, 7.522, 7.449, 7.288]
MAE (mean+-std): 7.691+-0.544

------Random Forest------
R2 List: [0.587, 0.533, 0.551, 0.507, 0.564, 0.532, 0.512, 0.518, 0.536, 0.548, 0.519, 0.583, 0.559, 0.574, 0.564, 0.526, 0.571, 0.53, 0.562, 0.541, 0.566, 0.519, 0.545, 0.488, 0.542, 0.528, 0.556, 0.533, 0.59, 0.573]
R2 (mean+-std): 0.545+-0.025
MAE List: [4.243, 4.47, 4.581, 4.813, 4.431, 4.69, 4.53, 4.508, 4.514, 4.515, 4.595, 4.482, 4.262, 4.459, 4.198, 4.31, 4.41, 4.534, 4.194, 4.519, 4.307, 4.775, 4.63, 4.591, 4.577, 4.568, 4.626, 4.405, 4.409, 4.45]
MAE (mean+-std): 4.487+-0.152
RMSE List: [7.12, 7.633, 7.454, 8.523, 7.286, 8.34, 8.532, 7.842, 7.397, 7.319, 7.61, 7.331, 6.832, 7.599, 6.815, 6.693, 7.181, 8.082, 6.559, 7.546, 6.963, 8.151, 7.988, 8.208, 8.026, 7.585, 8.048, 7.189, 7.022, 7.345]
MAE (mean+-std): 7.541+-0.531

------Linear Regression------
R2 List: [0.536, 0.505, 0.53, 0.493, 0.505, 0.468, 0.5, 0.493, 0.467, 0.502, 0.478, 0.556, 0.487, 0.535, 0.531, 0.504, 0.56, 0.52, 0.516, 0.518, 0.538, 0.484, 0.499, 0.44, 0.496, 0.504, 0.485, 0.471, 0.538, 0.546]
R2 (mean+-std): 0.507+-0.028
MAE List: [4.602, 4.804, 4.812, 5.03, 4.767, 5.174, 4.781, 4.907, 4.83, 4.834, 4.905, 4.714, 4.571, 4.713, 4.444, 4.455, 4.628, 4.776, 4.435, 4.766, 4.49, 5.062, 4.878, 4.93, 4.855, 4.699, 5.04, 4.769, 4.692, 4.702]
MAE (mean+-std): 4.769+-0.181
RMSE List: [7.544, 7.861, 7.621, 8.645, 7.765, 8.889, 8.643, 8.037, 7.926, 7.688, 7.931, 7.564, 7.367, 7.939, 7.072, 6.842, 7.279, 8.17, 6.895, 7.74, 7.177, 8.443, 8.382, 8.583, 8.414, 7.775, 8.668, 7.653, 7.458, 7.568]
MAE (mean+-std): 7.851+-0.54

