 - Number of Features: 7
 - Number of Examples: 5573
 - List of features: ['Traqueostomia', 'NumPrescricoes', 'DuracaoPrescricoes', 'VMI', 'NumeroDiagn', 'PaoFioRatio', 'GlasgowScore']

.....................RESULTS...........................

------Deep Learning------
R2 List: [0.44, 0.554, 0.635, 0.514, 0.531, 0.535, 0.495, 0.663, 0.405, 0.484, 0.599, 0.595, 0.615, 0.453, 0.357, 0.511, 0.447, 0.614, 0.497, 0.552, 0.298, 0.567, 0.435, 0.481, 0.5, 0.713, 0.619, 0.264, 0.611, 0.612]
R2 (mean+-std): 0.52+-0.102
MAE List: [4.888, 4.3, 4.574, 4.01, 4.65, 4.844, 4.485, 3.81, 4.209, 5.375, 3.746, 3.914, 5.076, 5.044, 4.313, 5.23, 4.2, 4.394, 5.827, 4.628, 5.162, 3.577, 5.243, 3.824, 4.253, 3.767, 3.988, 4.119, 3.776, 3.969]
MAE (mean+-std): 4.44+-0.574
RMSE List: [8.727, 6.888, 7.841, 6.918, 7.784, 7.857, 8.851, 6.599, 7.289, 9.232, 6.337, 6.437, 8.586, 9.972, 8.094, 9.349, 7.646, 7.335, 9.566, 9.061, 7.455, 5.26, 7.847, 6.457, 7.932, 5.492, 6.145, 10.288, 5.694, 6.164]
MAE (mean+-std): 7.637+-1.33

------Random Forest------
R2 List: [0.522, 0.591, 0.654, 0.558, 0.537, 0.507, 0.622, 0.665, 0.42, 0.501, 0.649, 0.57, 0.549, 0.455, 0.42, 0.515, 0.42, 0.585, 0.54, 0.607, 0.466, 0.559, 0.512, 0.439, 0.429, 0.669, 0.619, 0.292, 0.61, 0.633]
R2 (mean+-std): 0.537+-0.089
MAE List: [4.753, 4.024, 4.524, 4.096, 4.732, 4.759, 4.448, 4.293, 4.527, 5.572, 3.773, 4.172, 5.26, 4.967, 4.337, 4.931, 4.654, 4.66, 5.29, 4.535, 4.03, 3.568, 4.664, 3.979, 4.572, 4.001, 3.798, 3.983, 3.906, 3.973]
MAE (mean+-std): 4.426+-0.482
RMSE List: [8.062, 6.591, 7.64, 6.593, 7.733, 8.088, 7.653, 6.579, 7.196, 9.086, 5.927, 6.632, 9.298, 9.954, 7.684, 9.31, 7.833, 7.604, 9.15, 8.482, 6.501, 5.31, 7.291, 6.717, 8.473, 5.9, 6.141, 10.086, 5.701, 5.99]
MAE (mean+-std): 7.507+-1.284

------Linear Regression------
R2 List: [0.469, 0.459, 0.542, 0.439, 0.571, 0.491, 0.477, 0.589, 0.335, 0.547, 0.568, 0.523, 0.582, 0.389, 0.318, 0.424, 0.407, 0.57, 0.448, 0.544, 0.473, 0.49, 0.454, 0.399, 0.569, 0.649, 0.634, 0.296, 0.527, 0.568]
R2 (mean+-std): 0.492+-0.089
MAE List: [5.337, 4.431, 5.038, 4.556, 4.717, 5.201, 5.28, 4.957, 4.896, 5.398, 4.366, 4.435, 5.529, 5.304, 4.77, 5.68, 4.891, 4.927, 5.59, 5.061, 4.464, 3.901, 4.89, 4.536, 4.461, 4.075, 4.036, 4.128, 4.009, 4.25]
MAE (mean+-std): 4.77+-0.5
RMSE List: [8.495, 7.587, 8.79, 7.428, 7.446, 8.218, 9.003, 7.287, 7.707, 8.651, 6.571, 6.982, 8.947, 10.544, 8.339, 10.148, 7.917, 7.746, 10.015, 9.136, 6.458, 5.711, 7.717, 6.952, 7.363, 6.072, 6.016, 10.061, 6.279, 6.501]
MAE (mean+-std): 7.87+-1.293

