 - Number of Features: 26
 - Number of Examples: 5573
 - List of features: ['TempoInternamentoEmDias', 'SAPSScore', 'Traqueostomia', 'Antimalárico', 'Antivírico', 'Vasopressor', 'Psicofármaco', 'Opiáceo', 'Relaxante muscular', 'Antibiótico', 'NumPrescricoes', 'DuracaoPrescricoes', 'VMI', 'DispositivosNum', 'NumeroDiagnAntec', 'NumeroDiagn', 'PaoFioRatio', 'FR_enf', 'SpO2_enf', 'GlasgowScore', 'PosicaoProne', 'InfectionsNumber', 'SepsisChoque', 'HospitalRegiaoId_1', 'HospitalRegiaoId_19', 'TipoProvenienciaId_1', 'TipoProvenienciaId_6']

.....................RESULTS...........................

------Deep Learning------
R2 List: [0.491, 0.534, 0.533, 0.507, 0.51, 0.52, 0.449, 0.539, 0.477, 0.334, 0.459, 0.541, 0.531, 0.518, 0.486, 0.468, 0.471, 0.452, 0.525, 0.506, 0.465, 0.513, 0.42, 0.422, 0.44, 0.471, 0.517, 0.476, 0.519, 0.487]
R2 (mean+-std): 0.486+-0.044
MAE List: [4.347, 4.062, 4.221, 4.413, 4.255, 4.3, 4.667, 4.525, 4.486, 4.599, 3.925, 4.131, 4.767, 4.511, 4.235, 4.228, 4.363, 4.328, 4.443, 4.261, 4.207, 4.645, 4.353, 4.19, 4.302, 4.465, 4.737, 4.156, 4.178, 4.118]
MAE (mean+-std): 4.347+-0.202
RMSE List: [8.408, 7.383, 7.462, 7.878, 7.806, 8.346, 9.066, 7.574, 7.314, 8.207, 7.891, 7.769, 8.264, 8.116, 7.902, 8.065, 8.378, 7.553, 7.558, 8.329, 7.693, 8.419, 8.11, 8.052, 8.056, 8.856, 8.593, 7.927, 7.446, 8.041]
MAE (mean+-std): 8.015+-0.421

------Random Forest------
R2 List: [0.49, 0.572, 0.533, 0.535, 0.567, 0.564, 0.452, 0.556, 0.502, 0.458, 0.472, 0.58, 0.509, 0.604, 0.517, 0.527, 0.454, 0.492, 0.539, 0.526, 0.515, 0.56, 0.54, 0.554, 0.463, 0.479, 0.529, 0.549, 0.558, 0.539]
R2 (mean+-std): 0.524+-0.04
MAE List: [4.454, 4.325, 4.391, 4.408, 4.421, 4.532, 4.72, 4.358, 4.421, 4.456, 4.228, 4.332, 4.736, 4.363, 4.335, 4.507, 4.471, 4.272, 4.297, 4.425, 4.506, 4.605, 4.326, 4.136, 4.351, 4.535, 4.685, 4.274, 4.204, 4.325]
MAE (mean+-std): 4.413+-0.143
RMSE List: [8.416, 7.076, 7.468, 7.644, 7.337, 7.952, 9.043, 7.425, 7.136, 7.402, 7.797, 7.431, 8.458, 7.355, 7.661, 7.606, 8.512, 7.267, 7.44, 8.152, 7.327, 8.007, 7.223, 7.077, 7.888, 8.786, 8.481, 7.356, 7.137, 7.619]
MAE (mean+-std): 7.716+-0.531

------Linear Regression------
R2 List: [0.473, 0.509, 0.497, 0.489, 0.517, 0.516, 0.437, 0.509, 0.479, 0.43, 0.431, 0.583, 0.505, 0.557, 0.482, 0.522, 0.462, 0.485, 0.493, 0.498, 0.488, 0.536, 0.478, 0.54, 0.461, 0.465, 0.506, 0.515, 0.522, 0.51]
R2 (mean+-std): 0.497+-0.034
MAE List: [4.806, 4.724, 4.708, 4.724, 4.792, 4.838, 4.944, 4.7, 4.679, 4.723, 4.582, 4.574, 4.862, 4.74, 4.702, 4.752, 4.64, 4.567, 4.66, 4.814, 4.769, 4.92, 4.732, 4.35, 4.532, 4.806, 4.966, 4.594, 4.387, 4.579]
MAE (mean+-std): 4.706+-0.142
RMSE List: [8.554, 7.584, 7.751, 8.015, 7.748, 8.378, 9.166, 7.813, 7.294, 7.593, 8.09, 7.405, 8.493, 7.778, 7.932, 7.645, 8.449, 7.319, 7.807, 8.393, 7.528, 8.219, 7.695, 7.185, 7.902, 8.904, 8.69, 7.631, 7.426, 7.852]
MAE (mean+-std): 7.941+-0.489

 - Number of Features: 26
 - Number of Examples: 5573
 - List of features: ['TempoInternamentoEmDias', 'SAPSScore', 'Traqueostomia', 'Antimalárico', 'Antivírico', 'Vasopressor', 'Psicofármaco', 'Opiáceo', 'Relaxante muscular', 'NumPrescricoes', 'DuracaoPrescricoes', 'VMI', 'DispositivosNum', 'NumeroDiagn', 'PaoFioRatio', 'SpO2_enf', 'GlasgowScore', 'PosicaoProne', 'InfectionsNumber', 'SepsisChoque', 'HospitalRegiaoId_19', 'HospitalRegiaoId_25', 'TipoProvenienciaId_6', 'TipoAdmissaoId_4.0', 'TipoAdmissaoId_6.0', 'TipoAdmissaoId_14.0', 'TipoAdmissaoId_15.0']

.....................RESULTS...........................

------Deep Learning------
R2 List: [0.424, 0.48, 0.438, 0.545, 0.59, 0.488, 0.542, 0.548, 0.469, 0.538, 0.521, 0.517, 0.575, 0.572, 0.574, 0.554, 0.491, 0.564, 0.556, 0.55, 0.567, 0.548, 0.561, 0.551, 0.441, 0.513, 0.467, 0.519, 0.503, 0.518]
R2 (mean+-std): 0.524+-0.044
MAE List: [4.636, 4.623, 4.348, 4.584, 4.214, 4.374, 4.45, 4.095, 4.724, 4.378, 4.497, 4.328, 4.456, 4.313, 4.251, 4.293, 4.454, 4.615, 4.364, 4.293, 4.576, 4.581, 4.525, 4.35, 4.404, 4.65, 4.405, 4.469, 4.355, 4.46]
MAE (mean+-std): 4.436+-0.143
RMSE List: [7.774, 8.151, 7.537, 7.525, 6.967, 7.999, 7.352, 7.084, 8.145, 7.903, 7.396, 7.258, 7.972, 7.14, 7.091, 7.421, 7.669, 7.543, 7.658, 7.071, 7.343, 7.877, 7.211, 7.148, 7.637, 7.755, 7.309, 7.693, 7.341, 7.815]
MAE (mean+-std): 7.526+-0.331

------Random Forest------
R2 List: [0.51, 0.488, 0.463, 0.543, 0.567, 0.427, 0.534, 0.54, 0.506, 0.552, 0.496, 0.512, 0.528, 0.558, 0.576, 0.538, 0.513, 0.579, 0.558, 0.547, 0.569, 0.573, 0.55, 0.581, 0.481, 0.54, 0.466, 0.562, 0.536, 0.519]
R2 (mean+-std): 0.53+-0.038
MAE List: [4.344, 4.428, 4.352, 4.314, 4.363, 4.517, 4.424, 4.235, 4.604, 4.538, 4.433, 4.356, 4.614, 4.44, 4.272, 4.364, 4.355, 4.329, 4.424, 4.217, 4.375, 4.419, 4.36, 4.184, 4.427, 4.364, 4.384, 4.438, 4.153, 4.448]
MAE (mean+-std): 4.383+-0.105
RMSE List: [7.17, 8.083, 7.367, 7.535, 7.158, 8.464, 7.416, 7.146, 7.855, 7.779, 7.587, 7.292, 8.399, 7.26, 7.082, 7.548, 7.502, 7.414, 7.641, 7.09, 7.33, 7.66, 7.304, 6.907, 7.359, 7.54, 7.314, 7.34, 7.096, 7.805]
MAE (mean+-std): 7.481+-0.361

------Linear Regression------
R2 List: [0.455, 0.49, 0.44, 0.523, 0.557, 0.45, 0.484, 0.528, 0.474, 0.537, 0.511, 0.514, 0.522, 0.546, 0.548, 0.525, 0.496, 0.52, 0.542, 0.48, 0.536, 0.526, 0.524, 0.532, 0.497, 0.489, 0.458, 0.497, 0.512, 0.492]
R2 (mean+-std): 0.507+-0.03
MAE List: [4.769, 4.524, 4.664, 4.723, 4.589, 4.619, 4.747, 4.486, 4.932, 4.748, 4.534, 4.636, 4.888, 4.693, 4.64, 4.646, 4.712, 4.659, 4.655, 4.699, 4.687, 4.691, 4.668, 4.539, 4.705, 4.672, 4.601, 4.798, 4.506, 4.812]
MAE (mean+-std): 4.675+-0.103
RMSE List: [7.556, 8.069, 7.522, 7.704, 7.241, 8.289, 7.806, 7.242, 8.109, 7.905, 7.478, 7.283, 8.45, 7.359, 7.312, 7.655, 7.638, 7.914, 7.775, 7.598, 7.601, 8.064, 7.51, 7.3, 7.245, 7.948, 7.37, 7.87, 7.28, 8.026]
MAE (mean+-std): 7.671+-0.332

