
[0.596, 0.613, 0.613, 0.616, 0.614, 0.617, 0.618, 0.622, 0.605, 0.612, 0.621, 0.605, 0.209]
[3.157, 3.486, 3.499, 3.403, 3.469, 3.26, 3.341, 3.188, 3.731, 3.581, 3.256, 3.591, 5.567]
[5.564, 5.445, 5.444, 5.426, 5.442, 5.419, 5.408, 5.385, 5.504, 5.452, 5.391, 5.502, 7.786]
[72.102, 65.295, 64.473, 66.791, 64.772, 71.429, 67.24, 70.307, 56.918, 60.209, 67.165, 59.237, 25.654]
[0, 8, 16, 24, 32, 40, 48, 56, 64, 72, 80, 88, 96]
Index(['Traqueostomia', 'NumPrescricoes', 'DuracaoPrescricoes', 'VMI',
       'NumeroDiagn', 'Cateter venoso central'],
      dtype='object')
[0.606, 0.615, 0.617, 0.617, 0.618, 0.622, 0.616, 0.611, 0.614, 0.613, 0.622, 0.601, 0.14]
[3.202, 3.374, 3.347, 3.413, 3.42, 3.273, 3.454, 3.514, 3.476, 3.347, 3.216, 3.44, 5.746]
[5.493, 5.434, 5.416, 5.418, 5.413, 5.385, 5.422, 5.458, 5.442, 5.444, 5.379, 5.527, 8.117]
[70.157, 66.417, 68.212, 65.894, 66.043, 69.334, 62.977, 61.032, 62.079, 66.717, 68.586, 66.343, 29.17]
[0, 8, 16, 24, 32, 40, 48, 56, 64, 72, 80, 88, 96]