
[0.594, 0.614, 0.626, 0.628, 0.628, 0.627, 0.625, 0.63, 0.63, 0.624, 0.63, 0.627, 0.413]
[3.782, 3.173, 3.251, 3.201, 3.232, 3.221, 3.197, 3.118, 3.275, 3.371, 3.283, 3.193, 4.445]
[5.579, 5.439, 5.351, 5.343, 5.342, 5.349, 5.36, 5.328, 5.327, 5.366, 5.324, 5.347, 6.705]
[58.414, 71.952, 68.212, 69.783, 68.586, 68.661, 68.512, 69.933, 66.268, 64.248, 65.295, 69.783, 51.085]
[0, 8, 16, 24, 32, 40, 48, 56, 64, 72, 80, 88, 96]
Index(['SAPSScore', 'Traqueostomia', 'Unique_patient_per_Hosp',
       'Unique_patient_per_Service', 'Vasopressor', 'Psicofármaco', 'Opiáceo',
       'Relaxante muscular', 'NumPrescricoes', 'DuracaoPrescricoes', 'VMI',
       'NumeroDiagn', 'DispositivosNum', 'Cateter venoso periférico',
       'Cateter arterial', 'Cateter venoso central', 'ServicoId_53',
       'ServicoId_59'],
      dtype='object')
[0.621, 0.622, 0.627, 0.619, 0.626, 0.629, 0.611, 0.626, 0.628, 0.628, 0.626, 0.624, 0.457]
[3.368, 3.41, 3.247, 3.559, 3.326, 3.221, 3.531, 3.293, 3.14, 3.225, 3.244, 3.355, 4.192]
[5.389, 5.385, 5.348, 5.402, 5.357, 5.334, 5.458, 5.355, 5.343, 5.343, 5.352, 5.371, 6.45]
[66.642, 66.343, 68.512, 62.229, 66.941, 68.437, 61.855, 65.894, 69.035, 67.165, 67.39, 65.221, 52.58]
[0, 8, 16, 24, 32, 40, 48, 56, 64, 72, 80, 88, 96]