
[0.575, 0.625, 0.633, 0.631, 0.636, 0.623, 0.633, 0.627, 0.63, 0.635, 0.643, 0.627, 0.556]
[4.016, 3.105, 3.121, 3.287, 3.189, 3.462, 3.283, 2.974, 3.43, 2.97, 3.073, 3.36, 3.71]
[5.707, 5.359, 5.305, 5.319, 5.284, 5.375, 5.302, 5.345, 5.326, 5.287, 5.228, 5.344, 5.834]
[53.777, 72.027, 70.606, 68.063, 69.334, 63.8, 66.941, 73.448, 63.052, 73.149, 70.082, 66.417, 60.06]
[0, 8, 16, 24, 32, 40, 48, 56, 64, 72, 80, 88, 96]
Index(['SAPSScore', 'Traqueostomia', 'TempoAteAdmissaoUni',
       'Unique_patient_per_Hosp', 'Unique_patient_per_Service', 'Vasopressor',
       'Psicofármaco', 'Opiáceo', 'Relaxante muscular', 'NumPrescricoes',
       'DuracaoPrescricoes', 'VMI', 'NumeroDiagn', 'DispositivosNum', 'pH_min',
       'PaO2_max', 'Cateter venoso periférico', 'Sonda nasogástrica',
       'Cateter arterial', 'Cateter venoso central', 'Tubo Orotraqueal',
       'HospitalRegiaoId_19', 'ServicoId_53', 'ServicoId_59'],
      dtype='object')
[0.623, 0.623, 0.615, 0.631, 0.621, 0.628, 0.632, 0.632, 0.636, 0.637, 0.636, 0.63, 0.55]
[3.208, 3.391, 3.518, 3.176, 3.423, 3.074, 3.236, 3.21, 3.092, 3.148, 3.21, 3.114, 3.724]
[5.373, 5.377, 5.434, 5.321, 5.389, 5.342, 5.309, 5.313, 5.28, 5.272, 5.284, 5.322, 5.87]
[70.007, 65.595, 63.575, 70.007, 65.445, 72.999, 68.063, 67.764, 71.279, 69.035, 67.464, 70.381, 60.957]
[0, 8, 16, 24, 32, 40, 48, 56, 64, 72, 80, 88, 96]