
[0.618, 0.623, 0.623, 0.61, 0.63, 0.627, 0.629, 0.629, 0.629, 0.634, 0.637, 0.63, 0.455]
[3.369, 3.376, 3.393, 3.548, 3.141, 3.094, 3.177, 3.141, 3.077, 3.255, 3.113, 3.148, 4.236]
[5.411, 5.377, 5.375, 5.467, 5.323, 5.35, 5.33, 5.331, 5.335, 5.296, 5.272, 5.324, 6.461]
[65.595, 66.343, 66.193, 63.351, 70.531, 72.85, 69.484, 69.634, 70.456, 66.567, 68.138, 68.512, 52.954]
[0, 8, 16, 24, 32, 40, 48, 56, 64, 72, 80, 88, 96]
Index(['SAPSScore', 'Traqueostomia', 'TempoAteAdmissaoUni',
       'Unique_patient_per_Hosp', 'Unique_patient_per_Service', 'Vasopressor',
       'Psicofármaco', 'Opiáceo', 'Relaxante muscular', 'NumPrescricoes',
       'DuracaoPrescricoes', 'VMI', 'NumeroDiagn', 'DispositivosNum',
       'PaO2_max', 'Cateter venoso periférico', 'Cateter arterial',
       'Cateter venoso central', 'Tubo Orotraqueal', 'ServicoId_53',
       'ServicoId_59'],
      dtype='object')
[0.622, 0.607, 0.627, 0.629, 0.631, 0.63, 0.628, 0.626, 0.635, 0.637, 0.635, 0.63, 0.501]
[3.37, 3.657, 3.346, 3.292, 3.182, 3.322, 3.09, 3.033, 3.145, 3.124, 3.179, 3.189, 4.034]
[5.384, 5.487, 5.346, 5.333, 5.318, 5.328, 5.336, 5.356, 5.291, 5.273, 5.29, 5.323, 6.187]
[65.969, 60.883, 66.717, 66.791, 69.334, 66.193, 71.503, 73.448, 69.409, 69.559, 67.764, 70.007, 57.218]
[0, 8, 16, 24, 32, 40, 48, 56, 64, 72, 80, 88, 96]