
[0.614, 0.614, 0.605, 0.607, 0.621, 0.62, 0.619, 0.62, 0.614, 0.61, 0.621, 0.612, 0.175]
[3.409, 3.439, 3.677, 3.65, 3.38, 3.121, 3.448, 3.255, 3.336, 3.509, 3.257, 3.193, 5.573]
[5.44, 5.437, 5.504, 5.49, 5.391, 5.399, 5.405, 5.398, 5.439, 5.469, 5.388, 5.454, 7.953]
[66.642, 65.221, 60.135, 61.032, 67.016, 73.373, 62.752, 67.689, 65.969, 61.331, 67.24, 69.783, 25.58]
[0, 8, 16, 24, 32, 40, 48, 56, 64, 72, 80, 88, 96]
Index(['Traqueostomia', 'Opiáceo', 'NumPrescricoes', 'DuracaoPrescricoes',
       'VMI', 'NumeroDiagn', 'Cateter venoso central', 'ServicoId_53',
       'ServicoId_59'],
      dtype='object')
[0.612, 0.606, 0.618, 0.619, 0.621, 0.62, 0.616, 0.612, 0.62, 0.617, 0.623, 0.612, 0.199]
[3.261, 3.12, 3.287, 3.271, 3.219, 3.335, 3.411, 3.308, 3.222, 3.333, 3.236, 3.311, 5.483]
[5.454, 5.494, 5.41, 5.405, 5.392, 5.397, 5.428, 5.455, 5.4, 5.42, 5.376, 5.453, 7.834]
[69.334, 72.177, 69.858, 69.933, 70.082, 67.838, 64.248, 67.539, 68.811, 66.043, 68.661, 67.614, 31.114]
[0, 8, 16, 24, 32, 40, 48, 56, 64, 72, 80, 88, 96]