
[0.572, 0.621, 0.617, 0.628, 0.627, 0.624, 0.627, 0.629, 0.629, 0.632, 0.634, 0.628, 0.434]
[4.045, 3.149, 3.115, 3.235, 3.063, 3.03, 3.164, 3.171, 3.158, 3.194, 3.072, 3.24, 4.301]
[5.724, 5.388, 5.415, 5.341, 5.348, 5.368, 5.345, 5.336, 5.331, 5.308, 5.297, 5.338, 6.585]
[52.954, 70.98, 72.326, 69.783, 71.877, 72.924, 69.559, 69.11, 69.559, 67.614, 70.157, 68.586, 49.813]
[0, 8, 16, 24, 32, 40, 48, 56, 64, 72, 80, 88, 96]
Index(['Traqueostomia', 'Unique_patient_per_Service', 'Vasopressor',
       'Psicofármaco', 'Opiáceo', 'NumPrescricoes', 'DuracaoPrescricoes',
       'VMI', 'NumeroDiagn', 'DispositivosNum', 'Cateter venoso periférico',
       'Cateter arterial', 'Cateter venoso central', 'ServicoId_53',
       'ServicoId_59'],
      dtype='object')
[0.601, 0.614, 0.617, 0.617, 0.618, 0.618, 0.617, 0.617, 0.619, 0.621, 0.619, 0.619, 0.489]
[3.589, 3.314, 3.246, 3.165, 3.113, 3.271, 3.284, 3.18, 3.138, 3.262, 3.387, 3.214, 4.057]
[5.529, 5.438, 5.42, 5.417, 5.413, 5.413, 5.415, 5.42, 5.406, 5.387, 5.404, 5.401, 6.26]
[62.603, 67.091, 69.26, 70.307, 70.082, 66.717, 66.492, 68.287, 68.661, 66.866, 63.725, 69.334, 57.592]
[0, 8, 16, 24, 32, 40, 48, 56, 64, 72, 80, 88, 96]