
[0.626, 0.621, 0.616, 0.631, 0.634, 0.636, 0.626, 0.637, 0.625, 0.637, 0.634, 0.625, 0.476]
[3.366, 3.473, 3.653, 3.29, 3.172, 3.155, 3.347, 3.149, 3.373, 3.208, 3.331, 3.346, 4.059]
[5.355, 5.388, 5.428, 5.32, 5.294, 5.283, 5.351, 5.276, 5.36, 5.274, 5.295, 5.363, 6.339]
[66.567, 64.772, 60.658, 68.287, 70.606, 70.307, 65.669, 69.783, 65.071, 67.614, 65.295, 65.146, 55.647]
[0, 8, 16, 24, 32, 40, 48, 56, 64, 72, 80, 88, 96]
Index(['Traqueostomia', 'Psicofármaco', 'Opiáceo', 'NumPrescricoes',
       'DuracaoPrescricoes', 'VMI', 'NumeroDiagn', 'DispositivosNum',
       'Cateter arterial', 'Cateter venoso central', 'ServicoId_53',
       'ServicoId_59'],
      dtype='object')
[0.612, 0.606, 0.605, 0.609, 0.62, 0.618, 0.618, 0.617, 0.614, 0.621, 0.619, 0.606, 0.419]
[3.319, 3.639, 3.093, 3.591, 3.365, 3.294, 3.238, 3.235, 3.375, 3.187, 3.414, 3.56, 4.355]
[5.454, 5.495, 5.504, 5.474, 5.397, 5.409, 5.413, 5.416, 5.437, 5.389, 5.404, 5.497, 6.675]
[67.689, 60.658, 73.373, 61.855, 67.315, 66.866, 69.559, 67.838, 64.697, 68.212, 63.949, 60.658, 52.73]
[0, 8, 16, 24, 32, 40, 48, 56, 64, 72, 80, 88, 96]